43
37
27
29
8
75
92
40
30
47
64
88
56
17
94
64
97
70
31
80
57
55
68
98
5
86
54
36
67
24
38
61
54
16
37
47
28
56
68
40
40
27
52
5
96
84
11
48
62
33
11
70
32
8
5
22
30
100
96
39
19
22
26
61
100
38
53
12
2
23
93
59
68
69
62
32
68
3
17
80
35
49
64
63
21
4
2
13
66
59
20
88
88
15
77
12
73
4
56
31
85
94
22
70
26
61
90
54
64
11
98
56
23
19
64
33
25
49
20
53
2
38
8
25
52
63
78
69
81
33
6
19
23
69
99
7
98
88
48
87
62
88
81
29
20
53
72
20
46
7
41
95
72
70
90
57
34
58
21
26
99
78
67
44
74
35
16
29
68
17
17
6
85
38
6
83
56
90
80
34
61
78
36
94
60
80
99
44
24
29
44
42
41
71
33
94
35
74
55
73
21
86
25
40
55
99
70
96
19
72
48
69
66
32
86
38
49
34
76
46
36
60
29
35
52
37
44
30
10
22
1
34
70
39
78
79
61
35
10
34
98
45
16
86
47
34
60
83
93
37
5
29
70
80
5
79
52
48
60
68
82
45
24
88
3
19
94
83
92
95
51
57
29
72
54
88
84
90
41
74
92
30
78
84
98
43
49
57
78
68
17
53
28
50
9
50
26
10
68
68
77
9
34
27
5
100
42
78
69
34
60
55
3
76
30
68
63
19
89
32
78
85
9
20
25
60
38
86
47
13
51
25
74
61
77
1
95
64
45
14
40
41
37
2
54
52
79
88
17
14
65
11
41
66
31
51
78
54
85
22
30
34
7
7
36
52
48
62
4
86
75
1
89
28
14
48
7
25
62
25
84
28
66
44
59
41
41
66
91
30
37
67
41
64
57
1
1
14
88
27
17
39
3
63
18
79
37
47
46
26
36
44
88
98
97
23
81
87
61
44
22
38
66
70
84
67
75
65
47
41
16
29
61
83
22
97
98
6
72
10
49
78
68
55
73
83
59
82
6
89
56
8
60
59
42
69
59
41
86
1
40
69
95
44
59
68
77
43
71
45
71
39
48
66
48
37
29
4
67
71
21
86
93
90
72
22
80
14
59
49
78
17
46
24
67
96
18
13
100
79
30
17
59
56
26
36
93
50
40
50
31
96
29
85
87
4
64
88
55
9
60
4
93
98
19
82
54
46
17
65
52
26
45
63
51
63
95
44
30
76
97
9
18
19
32
29
8
40
98
59
95
90
72
2
7
1
25
5
41
54
41
46
66
48
28
97
76
38
11
60
56
43
22
12
100
58
52
18
84
11
55
23
23
11
20
31
83
61
48
59
98
56
58
5
96
7
3
59
89
22
74
95
35
54
6
81
72
53
17
63
81
96
5
97
2
42
9
20
90
27
70
87
99
83
51
25
82
83
12
40
82
49
29
37
96
44
3
68
84
27
82
60
43
5
100
37
21
83
82
8
42
48
15
85
53
93
4
66
89
58
25
66
4
51
1
13
24
90
23
51
43
3
100
76
41
46
97
61
42
33
46
69
68
47
72
63
15
50
17
4
3
94
74
48
24
14
30
17
63
38
15
10
25
60
25
63
24
21
79
97
45
91
21
41
23
51
98
3
94
73
76
9
59
30
50
26
32
70
73
4
22
25
84
2
65
90
2
24
17
91
28
35
97
37
83
35
73
65
60
57
12
28
61
78
82
54
68
44
11
65
2
85
80
2
32
57
100
47
16
41
40
85
30
95
75
84
51
29
59
27
57
29
63
73
97
36
70
4
9
64
6
41
24
36
9
7
40
49
67
83
95
46
62
27
93
33
50
95
77
24
84
74
67
24
64
56
40
76
81
69
91
71
94
40
98
22
96
57
16
11
67
13
71
42
87
47
30
44
63
68
45
62
84
7
32
96
11
96
45
93
46
19
28
87
54
14
41
71
67
75
58
92
79
94
90
74
37
46
85
29
22
64
55
94
73
26
93
98
69
27
81
85
24
88
36
19
6
56
70
63
5
26
22
37
89
4
47
4
11
53
35
7
94
3
2
13
7
36
86
51
70
31
2
26
10
18
4
63
6
19
9
93
1
28
11
34
53
100
25
91
88
86
1
94
13
85
9
82
82
31
6
48
53
97
68
2
20
61
1
38
10
21
67
4
92
66
86
88
24
61
6
41
1
30
43
87
24
20
100
89
83
84
85
85
79
83
51
8
86
25
47
56
92
93
57
5
81
27
25
47
28
30
56
88
6
36
65
61
87
5